# ../data/CMAP_ALL.sdf:
373
34
1000094
1047041
1048
199
320
2003
980
1077
94
566
1298
331
1055159
384
41
110
196
924
856
119
1489
1463
784
1610
701
2139
1000042
142
909
1523
321
43
718
1014
424
936
1149
440
438
1076
347
683
445
359
1329
82
429
351
239
747
349
900
9
26
35
72
74
80
86
104
1000009
112
115
117
134
138
153
156
161
166
191
193
194
198
220
222
224
225
3584
677
244
1000025
254
259
607
308
336
341
353
355
360
362
363
2430
368
370
2431
383
386
387
399
403
404
1000056
414
416
417
421
425
436
437
446
448
449
450
457
462
463
464
467
2372
1000092
1907753
1209
610
1040327
1481
1000752
1602083
1915136
1167
536
1443
1569049
1369355
1267101
1708885
1350
1777712
1134931
872
934
1579728
1186
878
2709
1470918
1231
1019
1540789
1054505
1054504
733
938
1130
961
757
1605435
988
1371
1019709
1365
1289
3273
1171
1132
471
1001935
1041
915
731
1714
1448
2297
1212
1837
1579
1478
1694
1378
1261
1018627
1210
905
1778
745
2463
763
678
681
686
687
689
690
691
692
694
695
697
698
699
700
705
706
709
712
714
715
716
717
719
721
722
724
727
728
734
735
737
741
742
743
746
750
751
752
753
755
759
760
764
766
769
771
772
773
776
777
779
780
782
783
785
786
793
794
795
796
799
800
801
803
804
805
806
807
809
810
811
812
814
816
818
819
822
824
826
1000036
827
829
830
833
834
837
838
839
840
841
1000108
844
1000109
850
852
858
861
863
864
865
867
869
871
873
875
876
3263
883
884
885
886
887
888
889
890
893
895
896
901
903
904
910
912
2797
917
918
919
920
922
923
927
931
933
935
939
943
944
946
948
3256
953
954
955
956
959
962
964
965
969
971
975
977
978
982
984
989
990
991
992
994
995
997
998
999
1000
1001
1002
1005
1008
1012
1016
1018
1029
1033
1035
1036
1037
1039
1000115
1044
1045
1046
1047
1050
1053
1055
1057
1058
1059
1060
1061
1062
1063
1064
1065
1067
1068
1069
1070
1075
1079
1081
1083
1086
1088
1090
1092
1094
1095
1098
1100
1101
1102
1104
1105
1108
1112
1113
1114
1115
1116
1117
2549
1000122
1123
1124
1000124
1125
1127
1129
1131
1134
1135
1138
1142
1144
1146
1151
1155
3055
1157
1158
1159
1160
1162
1163
1164
1169
1170
1172
1174
1175
1176
1177
1179
1180
1181
1184
1000126
1188
1189
1190
1192
1193
1194
1195
1196
1198
1200
1201
1202
1203
1204
1206
1207
1211
1213
1214
1215
1216
1218
1220
1221
1222
1223
1225
1232
1234
1239
1240
1241
1242
1244
1246
1252
1254
1256
1257
1258
1259
1262
1263
1265
1266
1267
1268
1269
1270
1272
1273
1274
1000096
1277
1286
1291
1295
1299
1300
1301
1302
1303
1308
1311
1313
1315
1318
1322
1323
1324
1327
1328
1331
1332
1335
1337
1338
1339
1346
1348
1351
1352
1357
1359
1360
1362
1370
1373
1380
1386
1387
1388
1390
1391
1393
1395
1397
1400
2551
1401
1402
1403
1404
1408
1409
1412
1418
1424
1425
1426
1428
1429
1431
1432
1433
1434
1436
1438
1440
1441
1442
1444
1446
1449
1451
1452
1453
1454
1462
1465
1467
1469
1471
1476
1479
1480
1482
1485
1486
1487
1000139
1493
1494
1496
1497
1499
1503
1504
1507
1509
1510
1512
1513
1516
1517
1518
1519
1524
1526
1527
1529
1530
1532
1533
1534
1535
1539
1578
1590
1603
1604
1606
1607
1608
1000946
3047
2359
1020463
2269
1043296
1113841
2572
1978
2181
2554
1113269
1055132
1024517
1035065
297849
852250
1084508
2308
907463
4480
3202
1000656
1898
2575
3856
1537011
2777
1008060
3197
470
4362
2830
2129
1001314
1000219
907273
1765
1000807
3100
1001642
1326779
1732672
1014994
468
503
526
529
2121
585
1979
907101
2041
2301
2217
2038
907370
1000093
1001030
1020
1309
1672
2660
1078453
907526
1029881
1143
3186
1001857
1001858
3903
907247
3326
386963
3172
907283
2747
575070
2997
3855
907285
1336284
2030
1677
1113307
1789
23081
3368
2078
1001939
2057
1670
907302
907335
1764
1472
1874
2137
4338
1666
2203
3169
1779
2847
865102
907387
1072
907434
2245
4487
2241
1795
1076620
907524
1002029
1022907
2732
1451360
1910
1007091
1011817
4379
1006453
4359
3046
1022180
1649
1025381
1039072
1826
1050032
3199
1054660
1053328
1999
2873
2898
3060
1079457
2702
1821
1010605
3127
1001312
1029858
899
929
1027
1428839
3101
3036
1019722
1045066
467359
907527
907366
1960
951
907205
1001924
1300555
1067495
1077918
2911
1782
2922
2900
821975
1365793
2284
1137095
3141
1000293
1092107
1054667
3043
1048750
3382
1624
1182082
1115322
1424515
907320
963
3092
3383
2752
1088922
2570
1052436
1276
2710
3452
1405
1736
2764
2819
4370
2776
1012530
2743
1001471
1025776
1007994
2685
2844
4481
1081653
2742
3723
1327636
1057366
2080
2920
1022844
1077199
1698
4425
1511611
3168
1001977
2957
907413
4382
2586
1000206
1111897
1829
2884
907228
907192
1073908
1076027
1399
907153
880
688
1392
1943
1320
2411
1108916
3304
1128
283
2440
1427041
3241
127
371
545
605
665
673
713
781
787
788
817
828
851
855
908
947
1015
1032
1074
1145
1166
1178
1182
1183
1197
1245
1345
1366
1423
1593
1620
1637
1638
1645
1654
1656
1660
1678
1684
1702
1707
1722
1723
1728
1731
1732
1742
1749
1752
1769
1772
1774
1776
1781
1783
1785
1786
1798
1823
1824
1828
1830
1840
1841
1844
1845
1848
1851
1856
1944
2155
2243
2341
2442
2444
3057
3587
3725
832295
1000162
2637
2612
1001955
1096365
1157879
2651
1001889
1986
3213944
3103894
3173242
3104621
3103618
3002368
2122563
1917264
1917785
1918471
1918598
1918768
1918866
1919035
1919544
1919932
1920238
1920301
1921660
1931603
3019820
1988380
3173092
3045140
3045655
3045683
3172974
3173993
3055310
2060360
3172862
2060361
3474312
2060476
2060483
3173628
2060486
3173763
3176281
3055065
3054850
2069232
3177451
3480074
3069053
3060137
3176928
3069738
3060173
3177249
3061928
3177327
3480607
3177475
2098610
3177482
3061617
2080909
3179848
3180327
2120971
2121358
3188932
3068964
3188937
3069006
3069040
3487389
3189056
3069075
3069077
3189175
3069144
3487401
3068682
3189186
3189187
3189191
3189192
3189305
3068973
3068976
3189308
3189311
2117409
3189312
3189314
3189316
3189433
3189435
3069161
3069162
3189436
3189438
3189439
3487464
3189442
3068692
3068727
3068731
3189446
3068774
3069519
3069522
3069524
3069526
3189579
3189580
3189581
3487152
3069528
3069529
3069532
3069536
3187620
3187622
3069539
3187624
3069541
3187625
3487155
3187745
3069544
3187747
3187750
3187754
3069580
3069582
3187758
3187759
3069624
3187761
2105063
3187887
3069696
3069698
3069699
3069700
3187897
3487233
3187899
3069737
3187900
3069740
3188022
3069742
3069771
3188025
3188026
3188027
3069774
3069775
3188028
3069779
3069780
3188032
3069781
3188033
3069782
3188035
3188145
3188146
3188148
3069806
3188150
3069807
3188151
3188152
3188153
3069809
3188154
3069810
3069811
3188157
3188158
3069813
3188159
3188160
3069814
3188161
3188162
3069816
3188163
3069817
3069853
3188278
3188279
3069855
3069858
3188280
3188282
3487604
3069862
3188286
3069863
3221455
2106166
3198963
2141061
3075542
3076306
3199703
3552120
3559616
3560914
3561518
3561551
3561733
3561756
3614733
3614739
3614743
3614749
3614751
3614754
3614757
3614768
3616468
3616486
3616520
3616524
3616717
3616719
3616735
3616747
3616749
3616751
3616753
3616759
3616769
3616785
3616793
3616797
3616850
3616856
3616862
3616868
3616869
3616904
3616961
3652996
3652997
3652998
3653000
3653001
3653002
3653003
3653004
3653005
3653006
3653007
3653008
3653009
3653010
3653011
3653012
3653013
3653014
3653015
3653016
3653017
3653018
3653019
3653020
3653021
3653022
3653023
3653025
3653028
3653029
3653031
3653032
3653033
3653034
3653035
3653037
3653038
3653040
3653041
3653042
3653043
3653044
3653045
3653046
3653047
3653048
3653049
3653050
